train validation
3.7841060161590576 4.508357922236125
4.429601073265076 3.646098534266154
3.4041907787323 2.977423310279846
2.7432308197021484 2.8601597944895425
2.3661202987035117 2.29214608669281
2.1845573782920837 2.2374915281931558
2.0987397829691568 2.371851166089376
2.0173689921696982 2.0812923113505044
1.9533151586850483 1.943095604578654
1.901425063610077 2.1290338039398193
1.855124831199646 2.012038310368856
1.8122599919637044 1.9810524384180705
1.778709312280019 2.194091558456421
1.7471631169319153 1.9039253393809001
1.7176688710848491 1.79020361105601
1.6914163827896118 1.82157035668691
1.6720944046974182 1.6654940843582153
1.653804103533427 1.6467772324879963
1.6377428770065308 1.7012025912602742
1.6242726643880208 1.7111706733703613
1.61470232407252 1.6015050013860066
1.6066322127978008 1.6012110710144043
1.5972815155982971 1.5880378087361653
1.589972694714864 1.6731635332107544
1.5863388379414876 1.531111518541972
1.58292422691981 1.6401926676432292
1.5751836498578389 1.6265035072962444
1.5689788460731506 1.6283869345982869
1.5645717978477478 1.5882753531138103
1.5595743656158447 1.6778425772984822
1.5629733204841614 1.5679433345794678
1.5571785966555278 1.6072109540303547
1.5498878161112468 1.5534291664759319
1.544844388961792 1.6195988655090332
1.5409777561823528 1.5565241575241089
1.5397864977518718 1.5403498808542888
1.5322193106015523 1.4650602738062541
1.5294435024261475 1.535425027211507
1.5265352725982666 1.5142356554667156
3.1175925731658936 2.536477247873942
2.368202269077301 2.244432965914408
2.0869590044021606 1.940380851427714
1.9145187735557556 1.8908706108729045
1.791358967622121 1.7556102673212688
1.717574934164683 1.7352691888809204
1.6695740222930908 1.7329227129618328
1.632019321123759 1.6371718645095825
1.610823889573415 1.6682246923446655
1.5938364068667095 1.6129254500071208
1.584036906560262 1.6300266583760579
1.573650856812795 1.5831207434336345
1.5651251673698425 1.6475119193394978
1.5581727822621663 1.510133186976115
1.55419921875 1.545393745104472
1.5494285225868225 1.549670139948527
1.5442888736724854 1.610271692276001
1.5400246779123943 1.5618048906326294
1.535406192143758 1.570880691210429
1.5293171405792236 1.5418773889541626
1.526284436384837 1.595496932665507
1.5231435497601826 1.533276875813802
1.5201421578725178 1.5903823375701904
1.5183581709861755 1.5204819838205974
1.5168912212053935 1.5133697589238484
1.5103962421417236 1.5128863255182903
1.5066336790720622 1.5779863198598225
1.5045590202013652 1.5868595441182454
1.505436638991038 1.5796226660410564
1.499694546063741 1.521346926689148
1.4963684280713399 1.4464258750279744
1.4945392608642578 1.4351412057876587
1.4928894837697346 1.4218369325002034
1.493068555990855 1.4996277491251628
1.48933607339859 1.5462672710418701
1.4880008101463318 1.52940837542216
1.4844162662823994 1.4688405990600586
1.483153522014618 1.5282602310180664
1.4832611878712971 1.5369041760762532
1.4769940574963887 1.4372979799906414
1.4782801667849224 1.5565554300944011
1.475620706876119 1.5242124398549397
1.4723183314005535 1.483260989189148
1.4730481902758281 1.4805608193079631
1.4754812320073445 1.4741981029510498
1.4699472387631733 1.5471982955932617
1.4679670333862305 1.5070934693018596
1.4691663185755413 1.4756430784861247
1.463945209980011 1.407077471415202
1.4630067348480225 1.464401125907898
1.462893585364024 1.522382140159607
1.464148998260498 1.545287052790324
1.4587292671203613 1.5363130569458008
1.4576303760210674 1.411430557568868
1.4558236797650654 1.4770656824111938
1.4559328357378643 1.4540038108825684
1.4555941025416057 1.5149943431218464
1.4523214896519978 1.4561675389607747
1.4524217049280803 1.4529097477595012
1.4528940320014954 1.5085495710372925
1.4489686886469524 1.5249830484390259
1.4459264477094014 1.516662359237671
1.4465541243553162 1.412394603093465
1.4456970691680908 1.444399396578471
1.44663804769516 1.4999329646428425
1.4461541374524434 1.446800947189331
1.4417595267295837 1.5312206745147705
1.4429365197817485 1.507251540819804
1.4383003910382588 1.5272668997446697
1.438850959142049 1.5205020507176716
1.4359713196754456 1.5094797611236572
1.434974730014801 1.3965236743291218
1.433557649453481 1.4466658035914104
1.435930848121643 1.5207364161809285
1.435898780822754 1.4606695572535198
1.436570684115092 1.5134236017862956
1.4292035301526387 1.5255427360534668
1.4300840695699055 1.4317882458368938
1.4278226693471272 1.4537365039189656
1.4279242356618245 1.4352157910664876
1.4392879903316498 1.4416074752807617
1.427302877108256 1.5083048741022747
1.4256778955459595 1.5010052124659221
1.426165242989858 1.4332040548324585
1.4231305917104085 1.516499678293864
1.421823541323344 1.5087223450342815
1.4229835867881775 1.440658966700236
1.4207367897033691 1.4293264547983806
1.4190666278203328 1.405641237894694
1.423977792263031 1.4246968825658162
1.4203703006108601 1.4890027046203613
1.420027732849121 1.498746434847514
1.4179603060086567 1.4891056219736736
1.4152849912643433 1.5122787952423096
1.4154197971026103 1.3894397815068562
1.4163433114687602 1.3901495138804119
1.4159609476725261 1.4353460868199666
1.4133679668108623 1.4991130034128826
1.4156429370244343 1.4535406430562336
1.414394497871399 1.4369791746139526
1.4109959602355957 1.4484105507532756
1.4111877878506978 1.415544867515564
1.4111361900965373 1.4401968320210774
1.412367582321167 1.440562129020691
1.409520109494527 1.4277233282725017
1.4075316786766052 1.3560320138931274
1.406345268090566 1.4972420533498128
1.4082641402880351 1.3484373688697815
1.416061947743098 1.413489818572998
1.405294954776764 1.4905976851781209
1.4038630525271099 1.480341871579488
1.4041117628415425 1.4716960191726685
1.3998430172602336 1.4964134295781453
1.399976670742035 1.4309365351994832
1.3988639116287231 1.5013086001078289
1.3972877264022827 1.3837461868921916
1.4000577131907146 1.4305421113967896
1.4013830025990803 1.4929401874542236
1.4002152283986409 1.4882925351460774
1.397828221321106 1.456701358159383
1.3949981133143108 1.4464853604634602
1.3933507601420085 1.4334766070048015
1.3930233319600422 1.462691108385722
1.391699771086375 1.4962073961893718
1.3918752868970234 1.421668569246928
1.392993966738383 1.4762123823165894
1.391600986321767 1.4750268459320068
1.3906231721242268 1.5056649843851726
1.3785158395767212 1.3664357662200928
1.3736793200174968 1.4350627263387044
1.3716289798418682 1.3617159128189087
1.3724078337351482 1.4656335512797039
1.3702239394187927 1.4307338396708171
1.3729905287424724 1.4155353705088298
1.3721120754877727 1.4613503217697144
1.3666396935780842 1.4930156866709392
1.3697933554649353 1.4823200305302937
1.3708266417185466 1.4214382966359456
1.3656760255495708 1.5017236073811848
1.3670191367467244 1.4580955108006795
1.3688276608784993 1.3970516920089722
1.367552121480306 1.4750370581944783
1.3657444715499878 1.4958436091740925
1.3645707368850708 1.4167087078094482
1.3632190426190693 1.4869473775227864
1.367200752099355 1.468377947807312
1.36592964331309 1.448062777519226
1.3605948090553284 1.490213394165039
1.3618872165679932 1.4797683556874592
1.3620256781578064 1.4112767378489177
1.359534502029419 1.4518169562021892
1.362555722395579 1.4713886578877766
1.3615736961364746 1.4059605995814006
1.3603641986846924 1.4723599354426067
1.3580295046170552 1.481641451517741
1.357196827729543 1.3723889986673992
1.3528990546862285 1.4219266573588054
1.3654898802439372 1.3021785616874695
1.36116357644399 1.4648550748825073
1.3597361048062642 1.4209105968475342
1.3538187940915425 1.3646670579910278
1.353860874970754 1.4033239285151164
1.3524497548739116 1.4650364716847737
1.3536864121754963 1.4955156246821086
1.3519383271535237 1.4367853005727131
1.3497063318888347 1.4738953510920207
1.3531955083211262 1.4603205521901448
1.354501187801361 1.4001256227493286
1.3477673133214314 1.478392481803894
1.346700410048167 1.4370047648747761
1.3504987359046936 1.418199857076009
1.3470111687978108 1.4170907338460286
1.3505802551905315 1.4456390937169392
1.3469678163528442 1.4101115465164185
1.349517325560252 1.4207850297292073
1.3447316686312358 1.4632875521977742
1.341310183207194 1.4788356224695842
1.3449037075042725 1.4159068663914998
1.3476578791936238 1.39297350247701
1.3490830659866333 1.368674874305725
1.3428293665250142 1.3592993418375652
1.3431780934333801 1.4409732818603516
1.3431021372477214 1.4135621786117554
1.3413369456926982 1.4491648276646931
1.343868573506673 1.4743563334147136
1.3377413352330525 1.3933265209197998
1.3403356870015461 1.4186677932739258
1.3344682852427165 1.465461254119873
1.3454310297966003 1.3969523906707764
1.340004563331604 1.47404940923055
1.3414312203725178 1.4153259992599487
1.3391677339871724 1.410774827003479
1.3343950907389324 1.4540496667226155
1.3393320838610332 1.4004881779352825
1.3326027592023213 1.4687048196792603
1.3374892870585124 1.4104684591293335
1.3333497444788616 1.4445798794428508
1.334173580010732 1.348401625951131
1.3338147004445393 1.3374639749526978
1.332955817381541 1.3607803185780842
1.3299158414204915 1.461590568224589
1.3291067878405254 1.3911991119384766
1.3253545959790547 1.4777578910191853
1.3309450348218281 1.4158029953638713
1.3309439619382222 1.3199276526769002
1.3303604523340862 1.4216252168019612
1.3316060503323872 1.3873912890752156
1.3294662237167358 1.46896759668986
1.331526279449463 1.4474329153696697
1.3269597093264263 1.4620509147644043
1.3266084392865498 1.4582773844401042
1.3304251631100972 1.4038478930791218
1.324598451455434 1.4130254983901978
1.325308620929718 1.417940338452657
1.3284425139427185 1.418093204498291
1.3294093012809753 1.4726457198460896
1.3273303508758545 1.3963701725006104
1.3194107214609783 1.3833643595377605
1.324917455514272 1.4224308331807454
1.3233970006306965 1.4798895915349324
1.322418173154195 1.4283172289530437
1.3207040826479595 1.4658985535303752
1.3174503445625305 1.3528746763865154
1.3204460342725117 1.359262228012085
1.3194870750109355 1.4102638165156047
1.3182546893755596 1.4139848152796428
1.3161438703536987 1.4708908398946126
1.31243763367335 1.3844074805577595
1.3234654267628987 1.4578598340352376
1.3128875494003296 1.454316775004069
1.3174835046132405 1.4113207658131917
1.3143417835235596 1.4420125087102253
1.3115176757176716 1.4295274019241333
1.3089556495348613 1.4053173065185547
1.3106618722279866 1.4457918405532837
1.3075384696324666 1.425164024035136
1.3088395595550537 1.4037348826726277
1.3152011434237163 1.445997675259908
1.309281349182129 1.4315636555353801
1.3119794527689617 1.3841439485549927
1.306468536456426 1.2620505889256795
1.3065229256947835 1.4255365530649822
1.3059226473172505 1.3686263958613079
1.3104302088419597 1.4192824761072795
1.3065842390060425 1.4113282759984334
1.3014366626739502 1.4544883966445923
1.3040268421173096 1.440665562947591
1.3066446979840596 1.4661239782969158
1.3058581153551738 1.4064104954401653
1.3119647701581318 1.415858308474223
1.3009806871414185 1.40786079565684
1.3029722372690837 1.433436671892802
1.2974902391433716 1.4709563255310059
1.2996775309244792 1.442173997561137
1.3021540840466816 1.3796755870183308
1.3063423931598663 1.440738042195638
1.3009360233942668 1.386791507403056
1.3000277082125347 1.3752445777257283
1.3029942115147908 1.428308367729187
1.292163074016571 1.458289384841919
1.2981876532236736 1.375102122624715
1.2976158459981282 1.416986107826233
1.2946396271387737 1.3741894960403442
1.2941227555274963 1.3933005730311077
1.2947794993718464 1.3932754198710124
1.295884112517039 1.4182757933934529
1.2892748316129048 1.3920134703318279
1.296463151772817 1.391442855199178
1.299579421679179 1.3924208879470825
1.2930968900521596 1.3625173966089885
1.2918938795725505 1.3690542380015056
1.2933400670687358 1.3797411918640137
1.2894147833188374 1.3990869124730427
1.2906232078870137 1.3937716484069824
1.287076731522878 1.424923261006673
1.2841842969258626 1.3705629507700603
1.2856740752855937 1.4504050811131795
1.2913475433985393 1.366111437479655
1.2885381976763408 1.4135846296946208
1.2816616694132488 1.4297124942143757
1.2919882535934448 1.4156786600748699
1.2831046183904011 1.4311936696370442
1.2774471044540405 1.3897126118342082
1.2827208240826924 1.364946683247884
1.293866902589798 1.3185826539993286
1.2814002633094788 1.4538568258285522
1.2807445526123047 1.4280911286671956
1.2833421727021534 1.444466193517049
1.276212215423584 1.4095114866892497
1.289439896742503 1.4451719522476196
1.2809141874313354 1.426410436630249
1.2780430714289348 1.2799020608266194
1.2810982565085094 1.3662559191385906
1.2748886942863464 1.4361457824707031
1.274023989836375 1.4319010575612385
1.278125822544098 1.382378617922465
1.2755869030952454 1.4062232573827107
1.2729377547899883 1.3561233679453533
1.2744342883427937 1.4237439632415771
1.2797968586285908 1.3650007247924805
1.2706899841626484 1.4005933205286663
1.2722766399383545 1.3434338172276814
1.277054637670517 1.4180933237075806
1.2711246609687805 1.4333585500717163
1.2709452311197917 1.366782824198405
1.2671588063240051 1.3552751143773396
1.263723373413086 1.4409713745117188
1.273648460706075 1.4158233404159546
1.2664081851641338 1.3939838409423828
1.264322926600774 1.4572412570317586
1.2653687596321106 1.4472639560699463
1.273367424805959 1.289412299791972
1.2599955002466838 1.3912887970606487
1.2671910524368286 1.3208764791488647
1.2630995313326518 1.367863694826762
1.2614343166351318 1.3740076224009197
1.261677881081899 1.3897381226221721
1.2621347506841023 1.3214620351791382
1.2610517342885335 1.4397976795832317
1.2637640833854675 1.2967369953791301
1.2574591835339863 1.3924692074457805
1.266616662343343 1.4117803573608398
1.257867693901062 1.4327784776687622
1.2600105206171672 1.4196630716323853
1.2541825373967488 1.3122809330622356
1.2543149789174397 1.3646241823832195
1.2539131840070088 1.4427613814671834
1.2565297484397888 1.3292784293492634
1.2539655566215515 1.3819280068079631
1.2530786395072937 1.3215930461883545
1.2490819891293843 1.3501888513565063
1.2525393962860107 1.3003582159678142
1.2481384873390198 1.3499484062194824
1.2494229674339294 1.3733790318171184
1.254053771495819 1.3431638479232788
1.2487159073352814 1.3547450701395671
1.2525946497917175 1.3582098484039307
1.2494831681251526 1.3794386386871338
1.2489385604858398 1.4031617641448975
1.246836245059967 1.4052320718765259
1.245171328385671 1.4162577788035076
1.2440058887004852 1.3758676052093506
1.2479206025600433 1.3081025679906209
1.2392951846122742 1.352102557818095
1.2396901547908783 1.3539176781972249
1.2454801599184673 1.339979887008667
1.2432640194892883 1.4099347591400146
1.241135040918986 1.3549042145411174
1.2425741751988728 1.3538859287897747
1.237311343352 1.403408447901408
2.4538947343826294 3.7800482908884683
2.723375360171 3.3448689778645835
2.547613342603048 3.283003489176432
2.4134050210316977 3.0469823678334556
2.3064403732617698 2.7975192070007324
2.1917529702186584 2.323922276496887
2.0959646701812744 2.186967889467875
1.9852567513783772 2.4842163721720376
1.8931259115537007 1.9185232917467754
1.809629499912262 2.193009535471598
1.7200469970703125 2.0397131045659385
1.638969471057256 1.9270448684692383
1.5673576196034749 1.8012828826904297
1.5117083191871643 1.8275826374689739
1.4523763457934062 1.6174262762069702
1.4127048353354137 1.5528605381647747
1.3763792316118877 1.5378311475118
1.3506924907366435 1.3598947127660115
1.3201179107030232 1.4593143065770466
1.2962345083554585 1.4100536902745564
1.286641041437785 1.3807836771011353
1.283017247915268 1.3450537125269573
1.2632960478464763 1.3844303290049236
1.261256108681361 1.3210036754608154
1.2577786246935527 1.4049111207326253
1.2656379342079163 1.439340313275655
1.2560207049051921 1.4524102210998535
1.2537135283152263 1.3865025440851848
1.254803717136383 1.3331219752629597
1.254509190718333 1.4363036155700684
1.2535735766092937 1.4301382700602214
1.2578514615694683 1.3572895526885986
1.2553629577159882 1.382556438446045
1.2484250565369923 1.4032610257466633
1.2503454486529033 1.380691369374593
1.248913089434306 1.3689423402150471
1.2521681189537048 1.3108203411102295
1.2449414134025574 1.3376635313034058
1.2440186540285747 1.4229761362075806
1.245726505915324 1.3534180323282878
1.2493212223052979 1.3897125323613484
1.248563418785731 1.3456415732701619
1.244770109653473 1.3634525140126545
1.2403335670630138 1.4073638518651326
1.2413982351620991 1.4122276306152344
1.2410397032896678 1.3741469780604045
1.2385364572207134 1.3637003501256306
1.237676203250885 1.413713773091634
1.2436482906341553 1.3714776833852131
1.2342427174250286 1.393099029858907
1.2435777982076008 1.3826729853947957
1.2400934894879658 1.394281228383382
1.2379709283510845 1.4062926769256592
1.235984742641449 1.3855623801549275
1.2328895529111226 1.395676612854004
1.2361133595307667 1.3831710020701091
1.2358840902646382 1.3152822256088257
1.2353674670060475 1.4071225722630818
1.2318915923436482 1.4227662483851116
1.230657935142517 1.3738356431325276
1.2320663730303447 1.3468232154846191
1.2342573801676433 1.4208221038182576
1.2275938789049785 1.4292070865631104
1.2285222907861073 1.3852914969126384
1.2335454920927684 1.3365030686060588
1.2318556904792786 1.3598662614822388
1.2270098328590393 1.354207197825114
1.225336730480194 1.3915416399637859
1.2229930559794109 1.3668086131413777
1.229922612508138 1.41549813747406
1.2227680881818135 1.3180753787358601
1.2257507642110188 1.420922040939331
1.2280898193518321 1.4045950571695964
1.2206381857395172 1.4334267377853394
1.2263336777687073 1.2616474231084187
1.221514900525411 1.297812024752299
1.2214587926864624 1.3512280384699504
1.2248485088348389 1.3172840277353923
1.2175114850203197 1.42132834593455
1.2172428369522095 1.4209661483764648
1.2204808294773102 1.3654244343439739
1.2136479218800862 1.4260473648707073
1.2228927711645763 1.3410235246022542
1.2175341645876567 1.3711910247802734
1.2180973092714946 1.4006691773732503
1.2196222146352131 1.3660176992416382
1.2128954728444417 1.423796017964681
1.2141213814417522 1.4270063638687134
1.2112493515014648 1.3649051984151204
1.2118045091629028 1.4174823760986328
1.2136162519454956 1.3424561818440754
1.2126822272936504 1.337624192237854
1.2109734614690144 1.3557538191477458
1.205766240755717 1.3130305608113606
1.2091028690338135 1.2675723036130269
1.202126403649648 1.383570909500122
1.208718369404475 1.3833680947621663
1.2129364411036174 1.3666791518529255
1.2054070830345154 1.2855651378631592
1.2021048267682393 1.3251417477925618
1.2074022591114044 1.37416410446167
1.2040783762931824 1.3206177949905396
1.2002153893311818 1.3018595774968464
1.2023776769638062 1.3366322914759319
1.2004242738087971 1.3662784894307454
1.202681044737498 1.3330883979797363
1.2005574901898701 1.3731865882873535
1.2027719120184581 1.3917516072591145
1.1996228297551472 1.3741745154062908
1.2008739709854126 1.3635056416193645
1.1991797586282094 1.3460384607315063
