train validation
1.8195430040359497 1.7819169759750366
1.7952312231063843 1.7599371671676636
1.7621878385543823 1.7306747436523438
1.7259563207626343 1.712240219116211
1.7029263973236084 1.7006312608718872
1.6862066984176636 1.692569375038147
1.6733298301696777 1.6873399019241333
1.6635643243789673 1.6840437650680542
1.6560407876968384 1.6820200681686401
1.6503088474273682 1.6808210611343384
1.645776629447937 1.6800661087036133
1.6419683694839478 1.679663062095642
1.6385191679000854 1.6793745756149292
1.6355092525482178 1.6788264513015747
1.6329094171524048 1.6776701211929321
1.6305052042007446 1.6762561798095703
1.6281927824020386 1.6742973327636719
1.6256128549575806 1.6719383001327515
1.6228415966033936 1.6695008277893066
1.61993408203125 1.662959098815918
1.6148264408111572 1.6548360586166382
1.6091901063919067 1.6481904983520508
1.6045001745224 1.6428903341293335
1.600378394126892 1.6378421783447266
1.5964102745056152 1.6331000328063965
1.592609167098999 1.6288472414016724
1.5890787839889526 1.6249734163284302
1.585613489151001 1.6213124990463257
1.582346796989441 1.6177490949630737
1.579193353652954 1.6143388748168945
1.5761619806289673 1.6111100912094116
1.5732861757278442 1.6080888509750366
1.5704983472824097 1.605305790901184
1.5677745342254639 1.6026519536972046
1.5651105642318726 1.600124716758728
1.5625369548797607 1.5977274179458618
1.5600157976150513 1.5954399108886719
1.5575605630874634 1.5932704210281372
1.5551456212997437 1.591218113899231
1.5527592897415161 1.5892544984817505
1.5503952503204346 1.5873312950134277
1.5480587482452393 1.5854448080062866
1.545742154121399 1.5836261510849
1.543433427810669 1.5818508863449097
1.5411368608474731 1.5799899101257324
1.5388758182525635 1.5782318115234375
1.5366363525390625 1.576433539390564
1.5343708992004395 1.5746513605117798
1.5321121215820312 1.5728451013565063
1.5298609733581543 1.5711294412612915
1.5276035070419312 1.5693612098693848
1.5253463983535767 1.5676683187484741
1.5230920314788818 1.5659555196762085
1.5208414793014526 1.564112663269043
1.518604040145874 1.5623372793197632
1.5163813829421997 1.5605705976486206
1.514175534248352 1.5587396621704102
1.511962890625 1.5569568872451782
1.5097485780715942 1.5551981925964355
1.5075360536575317 1.55328369140625
1.505332112312317 1.5515437126159668
1.5031335353851318 1.5497827529907227
1.5009162425994873 1.5479615926742554
1.4987133741378784 1.5462547540664673
1.4965091943740845 1.544376015663147
1.4942997694015503 1.5428171157836914
1.4921144247055054 1.5412039756774902
1.4899028539657593 1.5394712686538696
1.4876760244369507 1.5377718210220337
1.4854397773742676 1.53593111038208
1.4831985235214233 1.5342153310775757
1.4809473752975464 1.5323761701583862
1.478684902191162 1.5306382179260254
1.476420283317566 1.528795838356018
1.4741610288619995 1.5270646810531616
1.4719198942184448 1.5251965522766113
1.4697012901306152 1.5233885049819946
1.467481255531311 1.5217366218566895
1.4652924537658691 1.520158290863037
1.4631311893463135 1.5185168981552124
1.4609683752059937 1.5167189836502075
1.4587477445602417 1.5149383544921875
1.4565433263778687 1.5133146047592163
1.4543592929840088 1.5117040872573853
1.4521713256835938 1.5101279020309448
1.4499794244766235 1.508826732635498
1.4476871490478516 1.507646083831787
1.4455164670944214 1.5064870119094849
1.44341242313385 1.5052183866500854
1.44133722782135 1.5034433603286743
1.4390109777450562 1.5023061037063599
1.436759352684021 1.500710129737854
1.4340959787368774 1.498605728149414
1.4309388399124146 1.4962915182113647
1.4270790815353394 1.4931367635726929
1.422461986541748 1.490486741065979
1.4181941747665405 1.4882663488388062
1.4142708778381348 1.48619544506073
1.4104974269866943 1.4842420816421509
1.4068514108657837 1.4824589490890503
1.4033070802688599 1.48141610622406
1.4007885456085205 1.4802980422973633
1.3983261585235596 1.4791747331619263
1.3959040641784668 1.4780855178833008
1.393510341644287 1.4770565032958984
1.3911778926849365 1.4760481119155884
1.3888930082321167 1.4750137329101562
1.386650562286377 1.4740270376205444
1.3844441175460815 1.472847819328308
1.3822687864303589 1.4717828035354614
1.3801058530807495 1.470982551574707
1.3779717683792114 1.4701200723648071
1.375847578048706 1.4693166017532349
1.373746395111084 1.4685744047164917
1.3716588020324707 1.4678679704666138
1.3695943355560303 1.4671536684036255
1.3675464391708374 1.4664605855941772
1.365525484085083 1.4657288789749146
1.3635497093200684 1.4651161432266235
1.3615882396697998 1.4644440412521362
1.3596477508544922 1.4639426469802856
1.3583984375 1.4635378122329712
1.35715913772583 1.4631649255752563
1.3559209108352661 1.4628013372421265
1.3546833992004395 1.462441325187683
1.353459119796753 1.462071418762207
1.3522453308105469 1.4617009162902832
1.3510441780090332 1.461316466331482
1.3498553037643433 1.4609489440917969
1.3486744165420532 1.460593581199646
1.347503900527954 1.4602431058883667
1.3463398218154907 1.4598679542541504
1.345184087753296 1.4594966173171997
1.3440399169921875 1.4591789245605469
1.3429075479507446 1.458841323852539
1.3417878150939941 1.4588464498519897
1.3406745195388794 1.4586138725280762
1.3395720720291138 1.4583758115768433
1.3384761810302734 1.4582633972167969
1.337388277053833 1.457964301109314
1.3363112211227417 1.45784330368042
1.3352442979812622 1.4576773643493652
1.334181547164917 1.4574847221374512
1.333133339881897 1.4574542045593262
1.332092523574829 1.4572062492370605
1.331060767173767 1.4571442604064941
1.3300385475158691 1.4570426940917969
1.3290246725082397 1.456910252571106
1.328019618988037 1.456743597984314
1.3270225524902344 1.4565788507461548
1.326030969619751 1.4563441276550293
1.3250428438186646 1.4561282396316528
1.3240611553192139 1.4559143781661987
1.3230849504470825 1.4556612968444824
1.3221166133880615 1.455428123474121
1.3211528062820435 1.4552136659622192
1.320191740989685 1.4549707174301147
1.3192381858825684 1.4547368288040161
1.318287968635559 1.4545174837112427
1.3173439502716064 1.454306721687317
1.3164048194885254 1.454121470451355
1.31547212600708 1.4539347887039185
1.3145432472229004 1.4537285566329956
1.313622236251831 1.4535161256790161
1.3127092123031616 1.453272819519043
1.311798095703125 1.4530738592147827
1.3108888864517212 1.4528521299362183
1.3099836111068726 1.4526442289352417
1.3090837001800537 1.4524250030517578
1.3081878423690796 1.4522122144699097
1.3072954416275024 1.4520374536514282
1.306405782699585 1.4518227577209473
1.3055182695388794 1.4518648386001587
1.3046379089355469 1.4518852233886719
1.3036235570907593 1.4518293142318726
1.3026260137557983 1.4517549276351929
1.3016337156295776 1.4516419172286987
1.300653338432312 1.4515447616577148
1.2996737957000732 1.4514135122299194
1.2986997365951538 1.4512802362442017
1.2977261543273926 1.4511308670043945
1.296755313873291 1.4509587287902832
1.2957863807678223 1.4508084058761597
1.2948185205459595 1.4506603479385376
1.2938594818115234 1.450494647026062
1.2929129600524902 1.4503616094589233
1.2919706106185913 1.4501982927322388
1.2910305261611938 1.45004141330719
1.290092945098877 1.449875831604004
1.2891581058502197 1.449785590171814
1.2882294654846191 1.4496302604675293
1.287309169769287 1.4494754076004028
1.2863521575927734 1.4494194984436035
1.285266399383545 1.4493759870529175
1.2841871976852417 1.4490612745285034
1.283133625984192 1.4487169981002808
1.2819982767105103 1.4482377767562866
1.2803491353988647 1.4476391077041626
1.2784446477890015 1.4469962120056152
1.2763272523880005 1.4461240768432617
1.2731810808181763 1.445654034614563
1.270812749862671 1.4447084665298462
1.2685445547103882 1.4427887201309204
1.26631498336792 1.4401272535324097
1.26396906375885 1.4360660314559937
1.2610934972763062 1.4316445589065552
1.2577730417251587 1.427280306816101
1.2541999816894531 1.4225578308105469
1.250282645225525 1.4181216955184937
1.2465705871582031 1.413885235786438
1.2430078983306885 1.4097633361816406
1.2395079135894775 1.4057461023330688
1.2360786199569702 1.40184485912323
1.2327079772949219 1.3982237577438354
1.22956383228302 1.3949881792068481
1.226714849472046 1.391817569732666
1.223908543586731 1.3887653350830078
1.2211569547653198 1.3857502937316895
1.2184439897537231 1.3828507661819458
1.215769648551941 1.3800398111343384
1.2131397724151611 1.377306580543518
1.2105540037155151 1.374653935432434
1.2080105543136597 1.3720842599868774
1.205511212348938 1.3695483207702637
1.2030457258224487 1.3671036958694458
1.2006207704544067 1.3647761344909668
1.19823157787323 1.3625450134277344
1.195886254310608 1.360390305519104
1.1935763359069824 1.3583321571350098
1.1912966966629028 1.3563646078109741
1.1890475749969482 1.354472279548645
1.1868329048156738 1.352470874786377
1.1846504211425781 1.3505662679672241
1.1824952363967896 1.3487205505371094
1.1803686618804932 1.34697425365448
1.178269863128662 1.3452767133712769
1.176194667816162 1.343595027923584
1.1741465330123901 1.3420017957687378
1.1721203327178955 1.340498924255371
1.1701163053512573 1.3390382528305054
1.168135166168213 1.3379799127578735
1.166758418083191 1.3369354009628296
1.1654019355773926 1.3359287977218628
1.164062738418579 1.3349604606628418
1.1627395153045654 1.3340362310409546
1.1614322662353516 1.3331395387649536
1.1601406335830688 1.3322802782058716
1.1588635444641113 1.331443190574646
1.1576006412506104 1.3306328058242798
1.1563513278961182 1.3298388719558716
1.155115008354187 1.3291082382202148
1.1538913249969482 1.3283309936523438
1.1526813507080078 1.3275680541992188
1.1514830589294434 1.3268396854400635
1.1502941846847534 1.3261271715164185
1.1491179466247559 1.3252907991409302
1.1479625701904297 1.3244833946228027
1.1468162536621094 1.3237494230270386
1.145678997039795 1.3230280876159668
1.144548773765564 1.3223683834075928
1.1434258222579956 1.3217164278030396
1.142309546470642 1.3211177587509155
1.1411994695663452 1.3205153942108154
1.1400964260101318 1.3199323415756226
1.1389999389648438 1.3194080591201782
1.137909173965454 1.3188608884811401
1.1368242502212524 1.318363070487976
1.1357486248016357 1.3177603483200073
1.1346828937530518 1.317217230796814
1.1336233615875244 1.3166764974594116
1.1325701475143433 1.316186785697937
1.1315224170684814 1.3156691789627075
1.1304796934127808 1.315194845199585
1.1294418573379517 1.3147035837173462
1.1284080743789673 1.3142621517181396
1.1273798942565918 1.3137983083724976
1.1263562440872192 1.3133496046066284
1.1253360509872437 1.3128803968429565
1.124320387840271 1.3124688863754272
1.1233068704605103 1.3120228052139282
1.122296690940857 1.3116236925125122
1.121288537979126 1.3112379312515259
1.1202806234359741 1.3108240365982056
1.1192741394042969 1.3104497194290161
1.1182719469070435 1.3099780082702637
1.1172770261764526 1.3095765113830566
1.1162856817245483 1.3091557025909424
1.1152986288070679 1.3087522983551025
1.114315390586853 1.308336853981018
1.1133373975753784 1.307981014251709
1.112363576889038 1.3076118230819702
1.111392617225647 1.3072166442871094
1.110426425933838 1.3068640232086182
1.1094638109207153 1.3065080642700195
1.1085044145584106 1.306111216545105
1.107547402381897 1.3057571649551392
1.1065934896469116 1.305402398109436
1.1056419610977173 1.305037021636963
1.1046935319900513 1.3046965599060059
1.1037483215332031 1.3043667078018188
1.1028079986572266 1.3040779829025269
1.1020781993865967 1.3037718534469604
1.101354718208313 1.303470492362976
1.1006330251693726 1.3031829595565796
1.099912405014038 1.302852988243103
1.099194049835205 1.3025113344192505
1.098479986190796 1.3022125959396362
1.0977680683135986 1.3019081354141235
1.0970587730407715 1.3015927076339722
1.0963473320007324 1.3012510538101196
1.0956366062164307 1.3009711503982544
1.0949280261993408 1.300666093826294
1.094220519065857 1.3003889322280884
1.0935137271881104 1.300106167793274
1.0928092002868652 1.2998031377792358
1.0921053886413574 1.2995367050170898
1.0914027690887451 1.299277901649475
1.0907013416290283 1.2990022897720337
1.0900006294250488 1.2987475395202637
1.089301347732544 1.2984938621520996
1.0886046886444092 1.298229455947876
1.0879088640213013 1.297988772392273
1.0872139930725098 1.2977452278137207
1.0865228176116943 1.2974905967712402
1.0858322381973267 1.2972549200057983
1.0851422548294067 1.2970237731933594
1.0844539403915405 1.2968074083328247
1.0837681293487549 1.2965375185012817
1.0830833911895752 1.2962946891784668
1.0824005603790283 1.2960665225982666
1.0817170143127441 1.2957907915115356
1.081034541130066 1.2955559492111206
1.0803532600402832 1.2953236103057861
1.079673409461975 1.295078158378601
1.0789960622787476 1.2948554754257202
1.0783203840255737 1.2946302890777588
1.0776450634002686 1.2943817377090454
1.076971411705017 1.294163703918457
1.0762988328933716 1.2939306497573853
1.0756281614303589 1.2936779260635376
1.0749589204788208 1.2934690713882446
1.0742894411087036 1.293243408203125
1.0736216306686401 1.29300057888031
1.0729548931121826 1.2927809953689575
1.0722888708114624 1.2925435304641724
1.071624994277954 1.2923253774642944
1.0709608793258667 1.2920705080032349
1.070299506187439 1.2918872833251953
1.0696390867233276 1.2916476726531982
1.068980097770691 1.2914166450500488
1.0683224201202393 1.2911787033081055
1.06766676902771 1.2909533977508545
1.0670133829116821 1.2907160520553589
1.0663615465164185 1.2904863357543945
1.0657106637954712 1.2902494668960571
1.0650607347488403 1.2900351285934448
1.064411997795105 1.2898005247116089
1.0637648105621338 1.2895816564559937
1.0631202459335327 1.289353370666504
1.0624772310256958 1.2891463041305542
1.0618351697921753 1.2890106439590454
1.06142258644104 1.2888818979263306
1.061010718345642 1.2887526750564575
1.0605993270874023 1.2886316776275635
1.0601887702941895 1.2885054349899292
1.0597784519195557 1.2883871793746948
1.05936861038208 1.2882603406906128
1.058959722518921 1.2881451845169067
1.058551549911499 1.2880221605300903
1.0581438541412354 1.287907600402832
1.0577369928359985 1.2877861261367798
1.0573313236236572 1.2876642942428589
1.0569264888763428 1.2875385284423828
1.056522011756897 1.2874165773391724
1.0561182498931885 1.2872931957244873
1.0557148456573486 1.287172794342041
1.055311679840088 1.2870484590530396
1.0549092292785645 1.2869330644607544
1.054506778717041 1.2868138551712036
1.0541046857833862 1.2866935729980469
1.0537030696868896 1.286575198173523
1.0533019304275513 1.2864598035812378
1.0529018640518188 1.2863436937332153
1.052501916885376 1.286225438117981
1.0521026849746704 1.2861027717590332
1.0517038106918335 1.2859805822372437
1.0513056516647339 1.2858654260635376
1.0509077310562134 1.2857084274291992
1.0505108833312988 1.2855653762817383
1.0501142740249634 1.2854255437850952
1.0497183799743652 1.2852797508239746
1.0493228435516357 1.2851454019546509
1.0489275455474854 1.2850136756896973
1.048532485961914 1.2848788499832153
1.04813814163208 1.2847484350204468
1.0477441549301147 1.2846180200576782
1.0473506450653076 1.2844995260238647
1.0469578504562378 1.2843714952468872
1.0465655326843262 1.2842503786087036
1.0461734533309937 1.2841284275054932
1.0457818508148193 1.2840293645858765
1.0454760789871216 1.2839268445968628
1.0451711416244507 1.283835530281067
1.0448660850524902 1.2837376594543457
1.044561505317688 1.2836381196975708
1.0442571640014648 1.2835383415222168
1.0439532995224 1.2834351062774658
1.0436497926712036 1.2833372354507446
1.0433465242385864 1.2832337617874146
1.0430434942245483 1.2831369638442993
1.0427409410476685 1.2830368280410767
1.0424386262893677 1.2829387187957764
1.0421361923217773 1.2828352451324463
1.0418341159820557 1.2827428579330444
1.041532039642334 1.2826467752456665
1.0412304401397705 1.2825363874435425
1.0409294366836548 1.28244149684906
1.0406285524368286 1.2823377847671509
1.040328025817871 1.2822397947311401
1.0400276184082031 1.282145380973816
1.0397275686264038 1.282039999961853
1.0394277572631836 1.2819430828094482
1.0391281843185425 1.281846284866333
1.0388288497924805 1.2817487716674805
1.0385301113128662 1.2816451787948608
1.0382320880889893 1.281549334526062
1.0379343032836914 1.2814522981643677
1.037636637687683 1.2813506126403809
1.037339448928833 1.2812601327896118
1.0370423793792725 1.281162142753601
1.0367456674575806 1.2810642719268799
1.0364491939544678 1.2809725999832153
1.0361531972885132 1.280881404876709
1.0358574390411377 1.2807912826538086
1.0355616807937622 1.2806960344314575
1.0352660417556763 1.2806124687194824
1.034970998764038 1.2805184125900269
1.0346760749816895 1.2804280519485474
1.0343817472457886 1.28034245967865
1.034087896347046 1.2802562713623047
1.0337940454483032 1.280167579650879
1.0335012674331665 1.2800856828689575
1.0332090854644775 1.2799917459487915
1.0329170227050781 1.2799122333526611
1.0326255559921265 1.2798234224319458
1.0323339700698853 1.279739499092102
1.0320426225662231 1.2796549797058105
1.0317504405975342 1.2795679569244385
1.0314580202102661 1.2794936895370483
1.0311654806137085 1.2794095277786255
1.030873417854309 1.2793279886245728
1.0305814743041992 1.2792500257492065
1.0302900075912476 1.2791658639907837
1.0299981832504272 1.2790842056274414
1.0297061204910278 1.2790287733078003
1.029414415359497 1.278946042060852
1.0291225910186768 1.2788625955581665
1.0288313627243042 1.2787842750549316
1.0285398960113525 1.2787023782730103
1.028248906135559 1.2786246538162231
1.0279580354690552 1.2785459756851196
1.0276678800582886 1.2784510850906372
1.0273783206939697 1.278372883796692
1.02708899974823 1.278289794921875
1.0268000364303589 1.2782007455825806
1.0265110731124878 1.2781206369400024
1.0262227058410645 1.2780543565750122
1.0259342193603516 1.2779709100723267
1.0256460905075073 1.2778762578964233
1.0253578424453735 1.2777959108352661
1.0250695943832397 1.2777132987976074
1.0247817039489746 1.2776293754577637
1.0244942903518677 1.2775448560714722
1.0242068767547607 1.2774626016616821
1.0239193439483643 1.277380108833313
1.0236321687698364 1.2773107290267944
1.0233452320098877 1.2772281169891357
1.023058533668518 1.2771384716033936
1.022772192955017 1.2770545482635498
1.0224860906600952 1.2769798040390015
1.0221998691558838 1.2769304513931274
1.0220155715942383 1.276881456375122
1.0218313932418823 1.2768337726593018
1.0216470956802368 1.2767865657806396
1.02146315574646 1.2767393589019775
1.0212790966033936 1.2766934633255005
1.0210953950881958 1.276646614074707
1.0209115743637085 1.276599407196045
1.0207278728485107 1.2765508890151978
1.020544409751892 1.2765116691589355
1.0203609466552734 1.276464581489563
1.0201773643493652 1.2764167785644531
1.0199941396713257 1.2763687372207642
1.0198111534118652 1.2763220071792603
1.0196279287338257 1.2762718200683594
1.0194449424743652 1.2762271165847778
1.0192620754241943 1.276179313659668
1.0190789699554443 1.2761322259902954
1.0188959836959839 1.2760848999023438
1.0187132358551025 1.2760359048843384
